80,0
4	232.60,101.7,264.3	72.69,31.4,82.9	3201.02,3189,3240	4450
5	229.38,223.6,246.6	71.65,69.8,77.1	3202.19,3196,3204	1050
6	247.53,245.2,250.1	77.47,76.7,78.3	3195.83,3195,3197	300
7	51.85,51.4,102.4	15.94,15.8,31.6	3255.08,3241,3257	10000
8	233.26,200.9,266.2	72.89,62.6,83.4	3200.82,3193,3210	4500
9	228.78,219.1,245	71.46,68.5,76.6	3201.90,3197,3205	1050
10	249.45,248,251.7	78.07,77.6,78.8	3195.83,3195,3198	300
11	51.91,51.4,116.5	15.96,15.8,36	3255.03,3238,3257	10000
12	233.87,216.6,253.2	73.09,67.9,79.3	3200.66,3190,3207	4300
13	227.44,219.5,234.5	71.05,68.7,73.3	3202.00,3196,3205	1050
14	248.43,243.3,251.5	77.75,76.1,78.7	3196.17,3195,3198	300
15	51.90,48.1,108.5	15.96,14.8,33.5	3255.14,3239,3257	10000
16	233.73,222.4,253	73.04,69.4,79.2	3200.83,3190,3206	4300
17	228.83,224.2,239	71.48,70,74.7	3202.05,3199,3204	1050
18	246.65,240.2,251.1	77.17,75.1,78.6	3197.00,3195,3199	300
19	52.12,41.3,151.5	16.03,12.7,47	3254.89,3225,3257	10000
20	233.04,151.9,259.4	72.83,47.1,81.2	3200.67,3186,3226	4500
21	232.09,225.8,248.9	72.49,70.5,77.8	3202.05,3198,3205	1000
22	249.32,244.2,251.1	78.03,76.4,78.6	3195.33,3195,3197	300
23	52.11,44.5,155.5	16.03,13.7,48.2	3254.97,3228,3258	10000
80,5
4	229.00,101.3,264	71.76,31.3,83.1	3192.51,3177,3237	4450
5	226.70,220.4,240.8	71.01,69,75.6	3193.14,3186,3197	1050
6	241.27,239.1,243.1	75.68,75,76.3	3188.17,3187,3189	300
7	49.19,48.4,143.3	15.13,14.9,44.5	3254.74,3222,3256	10000
8	227.93,196,252.8	71.41,61.2,79.5	3192.93,3180,3203	5500
9	226.50,218.9,252.3	70.93,68.5,79	3193.86,3190,3196	1050
10	240.55,235.6,241.9	75.45,73.9,75.9	3188.67,3188,3189	300
11	48.78,48.4,54.6	15.00,14.9,16.8	3254.97,3252,3257	10000
12	230.54,218.5,248.5	72.24,68.4,78	3192.19,3186,3197	4400
13	227.60,221.8,239.5	71.30,69.4,75	3192.95,3183,3196	1050
14	244.46,242.2,248.5	76.72,76,78	3187.20,3186,3188	250
15	49.75,48.4,257.7	15.31,14.9,80.9	3254.58,3186,3256	10000
16	229.22,101.3,272.9	71.82,31.3,85.9	3192.84,3178,3237	4450
17	227.51,221.8,256.7	71.28,69.4,80.6	3192.40,3179,3196	1000
18	241.68,226.7,247.2	75.82,71,77.6	3188.50,3186,3193	300
19	49.46,48.4,195.4	15.21,14.9,61	3254.73,3204,3256	10000
20	229.63,100.4,281.8	71.96,31,88.7	3192.37,3178,3239	4450
21	228.87,221,243.7	71.69,69.2,76.3	3193.50,3191,3197	1000
22	241.38,233.5,244.4	75.73,73.2,76.7	3187.83,3186,3190	300
23	49.26,38.7,177.8	15.15,11.9,55.4	3254.76,3211,3256	10000
80,10
4	230.63,73.7,289.5	72.22,22.7,91.9	3194.98,3151,3249	4350
5	238.43,220.5,264.6	74.65,69,82.8	3194.85,3185,3200	1000
6	241.42,232.6,246.9	75.67,72.9,77.4	3191.17,3190,3192	300
7	49.91,38.7,228.9	15.35,11.9,71.6	3254.82,3198,3257	10000
8	231.63,142.5,306.1	72.52,44.2,96.7	3194.93,3166,3225	4350
9	235.37,222.2,265.6	73.71,69.5,83.1	3193.67,3181,3199	1050
10	243.48,240.6,247.5	76.32,75.4,77.6	3191.00,3190,3192	300
11	49.18,40.3,103.9	15.12,12.4,32.1	3255.05,3237,3257	10000
12	231.06,195.9,289.5	72.34,61.1,90.9	3195.02,3185,3207	4350
13	237.80,221,269.1	74.46,69.1,84.5	3194.25,3184,3199	1000
14	240.86,230.9,245.3	75.53,72.5,76.9	3189.57,3186,3192	350
15	49.03,46.2,65.2	15.07,14.2,20.1	3255.10,3246,3257	10000
16	231.41,217.4,292.3	72.45,68,92.5	3195.00,3160,3200	4350
17	231.67,221.5,262.6	72.57,69.3,82.2	3193.20,3183,3199	1000
18	240.12,228.9,243.7	75.25,71.6,76.4	3191.50,3189,3197	300
19	49.87,48.4,228.5	15.34,14.9,71.4	3254.88,3201,3257	10000
20	230.84,123.1,342.5	72.28,38.1,108.6	3195.25,3154,3233	4750
21	232.75,223.2,267.7	72.85,69.8,83.9	3195.57,3189,3199	1050
22	243.07,235.9,247.2	76.20,73.9,77.5	3190.67,3188,3193	300
23	49.46,42.6,148.8	15.21,13.1,46.2	3254.95,3222,3257	10000
80,15
3	230.91,143.8,402.4	72.27,44.6,127.6	3196.30,3154,3225	4800
4	235.51,221.7,273.8	73.73,69.3,85.8	3195.19,3180,3200	1050
5	240.72,236,243.1	75.38,73.9,76.1	3193.67,3192,3195	300
6	49.92,45.8,237.4	15.36,14.1,74.4	3254.80,3191,3256	10000
7	231.67,148.8,302.6	72.50,46.2,95.7	3196.48,3163,3222	4750
8	236.93,222.9,281.2	74.18,69.7,88.4	3195.00,3181,3200	1050
9	241.62,241,242.1	75.67,75.5,75.8	3194.00,3193,3195	300
10	50.05,46.2,259.9	15.40,14.2,81.5	3254.79,3189,3257	10000
11	232.25,149.5,311.2	72.68,46.4,97.9	3196.41,3179,3223	4800
12	240.94,223.6,262.7	75.48,69.9,82.2	3193.00,3179,3199	1000
13	242.43,230.5,246.8	75.93,72.1,77.3	3193.14,3192,3197	350
14	49.32,40.7,103.3	15.17,12.5,31.9	3255.00,3236,3257	10000
15	230.94,194.4,302.2	72.27,60.6,95.2	3196.49,3175,3209	4750
16	237.72,223.2,293.4	74.41,69.8,91.9	3195.20,3179,3201	1000
17	239.45,228.9,242.5	74.98,71.6,76	3194.00,3192,3197	300
18	49.74,41,196.2	15.30,12.6,61.2	3254.82,3206,3257	10000
19	233.25,98.4,492.9	73.04,30.4,158	3195.61,3120,3240	4500
20	237.31,220.2,303.3	74.28,68.8,94.9	3195.80,3180,3201	1000
21	242.60,238.8,248.3	75.97,74.7,77.8	3194.00,3192,3197	300
22	49.88,48.5,221.6	15.34,14.9,69.5	3254.84,3189,3257	10000
80,20
2	231.81,72,471	72.97,22.2,151.4	3179.07,3111,3244	4800
3	248.25,222.8,318.2	78.18,70,100.4	3176.19,3162,3184	1050
4	241.88,236.7,246.6	76.18,74.5,77.7	3175.67,3174,3178	300
5	49.94,48.2,275.1	15.39,14.9,86.8	3250.69,3170,3253	10000
6	227.33,138,249.4	71.46,42.9,78.9	3182.15,3161,3218	4750
7	239.08,220,270.1	75.31,69.1,85.8	3175.43,3149,3185	1050
8	243.22,241.4,245.4	76.60,76,77.3	3176.00,3175,3177	300
9	49.37,39.3,159.3	15.21,12.1,49.3	3251.20,3232,3254	10000
10	233.58,203.4,388.1	73.47,63.7,124.6	3180.74,3115,3194	4400
11	250.42,225.7,306.4	78.94,71,96.6	3173.30,3155,3184	1000
12	242.33,239.4,246.7	76.28,75.3,77.7	3177.33,3176,3180	300
13	49.35,42.9,151.9	15.20,13.2,47.3	3251.22,3212,3254	10000
14	230.63,145.6,354	72.51,45.3,112.6	3182.03,3144,3215	4750
15	246.24,224.2,290.8	77.47,70.4,91.8	3179.40,3163,3186	1000
16	240.30,231.5,243.6	75.62,72.8,76.7	3178.67,3177,3181	300
17	49.96,48.4,275.3	15.40,14.9,86.6	3251.13,3179,3253	10000
18	230.58,121.2,481.4	72.49,37.6,155.6	3182.93,3094,3226	4800
19	246.12,223.3,314.4	77.46,70.1,99.4	3178.40,3154,3187	1000
20	239.57,230.4,244.7	75.37,72.4,77	3179.50,3178,3183	300
21	49.34,46.8,155.6	15.20,14.4,48.5	3251.27,3210,3253	10000
160,0
3	228.49,150.5,252.6	71.47,46.7,79.2	3197.80,3177,3223	6800
4	229.32,222,254.3	71.74,69.4,79.6	3197.20,3185,3200	1000
5	248.40,244.5,252.9	77.85,76.6,79.3	3191.50,3190,3193	300
6	52.37,51.4,205.8	16.11,15.8,64.5	3254.57,3192,3256	10000
7	230.56,101.6,250.8	72.14,31.4,78.6	3197.07,3184,3238	4750
8	229.48,223.2,241.6	71.78,69.8,75.6	3197.76,3191,3201	1050
9	247.98,244.5,249.5	77.72,76.6,78.2	3191.50,3191,3193	300
10	52.09,48.8,163	16.02,15,50.6	3254.66,3222,3256	10000
11	231.93,172.4,259.6	72.57,53.6,81.4	3196.93,3190,3218	4800
12	228.75,216.6,239.3	71.54,67.8,74.9	3198.35,3195,3202	1000
13	246.05,236.1,248.8	77.10,73.9,78	3192.33,3191,3196	300
14	52.36,51.1,209.9	16.10,15.7,65.5	3254.61,3205,3255	10000
15	232.01,137.5,268.5	72.60,42.6,84.4	3196.78,3182,3230	4450
16	226.20,222.7,238.3	70.71,69.6,74.5	3199.48,3197,3201	1050
17	247.97,242.6,252.7	77.72,76,79.2	3191.33,3191,3193	300
18	52.07,42.6,164.2	16.01,13.1,51	3254.76,3221,3256	10000
19	232.83,201.3,255.1	72.86,62.8,80.1	3196.58,3185,3206	4450
20	228.51,223.7,239.2	71.46,69.9,74.8	3198.52,3194,3201	1050
21	248.12,246.8,249.2	77.75,77.3,78.1	3192.00,3191,3194	300
22	51.66,49.1,66.5	15.89,15.1,20.5	3254.84,3248,3256	10000
160,5
2	233.41,150.8,311.5	73.05,46.8,98.2	3196.26,3173,3224	4450
3	230.68,224.5,257	72.17,70.2,80.4	3197.30,3189,3200	1000
4	252.07,249.2,257.5	79.03,78.1,80.8	3190.17,3187,3192	300
5	52.03,41.6,116.8	16.00,12.8,36.1	3255.17,3236,3257	10000
6	234.00,221.8,293.6	73.24,69.3,92.3	3195.97,3181,3201	4300
7	229.10,224.2,243.1	71.65,70.1,76	3198.10,3187,3202	1000
8	252.53,246.1,270.6	79.13,77.1,84.7	3191.83,3190,3195	300
9	52.34,51.4,173	16.10,15.8,53.8	3255.07,3217,3257	10000
10	234.49,199.9,284.2	73.39,62.3,89.6	3195.91,3172,3209	4350
11	237.77,227.6,259	74.42,71.2,81.2	3195.70,3189,3200	1000
12	248.67,238.3,251.8	77.93,74.6,78.9	3191.50,3189,3195	300
13	52.36,51.4,168.1	16.11,15.8,52.3	3255.07,3215,3258	10000
14	233.76,193.8,269.2	73.16,60.4,84.5	3196.33,3186,3210	4400
15	229.79,223.9,243.4	71.88,70,76.3	3197.48,3190,3200	1050
16	251.04,249.8,252.9	78.70,78.3,79.3	3190.80,3190,3191	250
17	52.83,51.4,269.1	16.26,15.8,84.4	3254.99,3189,3257	10000
18	232.52,103.9,288.4	72.77,32.1,90.5	3196.59,3182,3238	4350
19	228.00,223.9,236.3	71.33,70,74.2	3197.29,3185,3201	1050
20	248.03,243,253.2	77.73,76.1,79.4	3191.67,3190,3194	300
21	52.26,51.4,166.7	16.07,15.8,51.8	3255.16,3219,3257	10000
160,10
3	233.17,82.1,311.6	72.99,25.3,98.3	3196.00,3170,3247	4350
4	244.75,222.5,274.5	76.67,69.6,86	3193.10,3186,3200	1000
5	246.88,232.6,251.4	77.37,72.8,78.8	3191.83,3191,3196	300
6	52.55,41,239.2	16.17,12.6,74.8	3254.97,3199,3258	10000
7	232.96,118.5,362.3	72.92,36.6,114.6	3196.07,3162,3238	4350
8	238.71,206.6,278.8	74.76,64.6,87.4	3194.00,3184,3199	1000
9	246.50,233.8,250.1	77.23,73.1,78.4	3192.50,3191,3199	300
10	52.89,51,289.2	16.28,15.7,91	3254.86,3179,3258	10000
11	231.10,104.3,265.5	72.32,32.2,83.6	3196.61,3176,3241	4800
12	236.24,225.7,255	73.97,70.6,80.1	3194.65,3184,3198	1000
13	247.48,244.8,248.5	77.55,76.6,77.9	3192.00,3191,3196	300
14	52.82,51.4,270.9	16.25,15.8,85	3254.95,3188,3257	10000
15	232.35,70.6,341.6	72.71,21.7,107.8	3196.92,3169,3254	4750
16	228.44,224,242.6	71.45,70,76.1	3197.90,3188,3200	1050
17	249.08,246.7,252	78.07,77.3,79	3191.17,3190,3192	300
18	52.37,47.1,189.1	16.11,14.5,58.9	3254.99,3211,3257	10000
19	234.16,199.9,308.7	73.29,62.3,97.4	3195.91,3170,3209	4450
20	228.99,221.5,243.6	71.64,69.2,76.3	3196.90,3185,3201	1050
21	247.85,242.3,250.4	77.68,75.9,78.5	3191.33,3191,3193	300
22	51.69,51.4,55	15.90,15.8,16.9	3255.20,3253,3257	10000
160,15
3	234.24,94.8,317.6	73.42,29.3,100.3	3191.66,3167,3237	4450
4	229.64,224.4,240.2	71.98,70.3,75.2	3191.05,3182,3195	1000
5	248.40,242.3,251.4	77.96,76,78.9	3187.00,3185,3189	250
6	53.26,49.1,307.5	16.40,15.1,96.9	3254.40,3174,3255	10000
7	232.97,77.3,367	73.03,23.8,117.3	3191.87,3129,3248	4450
8	237.32,224.6,275	74.35,70.3,86.1	3192.40,3183,3196	1000
9	247.40,239.8,251.4	77.68,75.4,78.9	3185.33,3181,3187	300
10	52.54,45.5,182.6	16.17,14,57.1	3254.55,3199,3256	10000
11	234.43,202.3,374.4	73.48,63.2,118.6	3191.48,3157,3202	4400
12	238.24,222,283	74.69,69.5,88.8	3190.75,3183,3195	1000
13	247.27,235.4,250.7	77.60,73.8,78.7	3187.33,3186,3191	300
14	52.44,51,150.5	16.14,15.7,46.8	3254.68,3217,3256	10000
15	233.64,205.8,293.3	73.23,64.4,92.9	3191.31,3158,3196	4400
16	228.14,223.7,235.2	71.49,70,73.9	3191.90,3184,3196	1000
17	245.37,232,248.9	76.98,72.7,78.1	3187.83,3186,3192	300
18	52.67,51.7,181.7	16.21,15.9,56.8	3254.55,3200,3256	10000
19	233.48,150.7,277.8	73.17,46.8,87	3191.84,3175,3221	4300
20	253.81,224.2,294.5	79.69,70.2,92.4	3186.05,3169,3195	1050
21	247.97,243.9,250.4	77.82,76.5,78.6	3187.33,3186,3189	300
22	52.02,51.7,54.9	16.00,15.9,16.9	3254.78,3251,3256	10000
160,20
3	235.27,222.2,383.1	73.84,69.6,122.4	3187.53,3130,3193	4400
4	235.49,226,293.8	73.94,71,92.1	3185.75,3173,3191	1000
5	247.32,231.2,254.3	77.68,72.5,79.9	3184.50,3183,3190	300
6	52.64,51.7,170.9	16.20,15.9,53.5	3253.10,3196,3255	10000
7	235.89,200,392.7	74.07,62.5,125.8	3186.19,3122,3200	4400
8	245.27,223.9,332.2	77.02,70.2,104.8	3185.75,3170,3191	1000
9	247.28,238.7,249.7	77.70,74.9,78.5	3183.00,3181,3187	300
10	52.46,51.6,129.6	16.14,15.9,40.3	3252.13,3217,3255	10000
11	235.48,199.3,362.2	73.92,62.3,115	3186.82,3148,3200	4400
12	249.28,222.1,329.3	78.36,69.6,104.6	3182.75,3149,3192	1000
13	246.38,232.9,252	77.42,73.1,79.2	3183.17,3181,3187	300
14	52.99,48.1,238.8	16.31,14.8,75	3251.79,3185,3255	10000
15	236.07,178.4,441.5	74.12,55.6,141.1	3186.47,3129,3209	4300
16	248.49,223.9,330.2	78.22,70.2,104.6	3178.10,3156,3190	1000
17	251.23,248.1,256.8	79.05,78,81.1	3179.00,3167,3182	300
18	53.03,51.6,247.8	16.32,15.9,77.6	3252.07,3194,3255	10000
19	238.00,204.2,414	74.73,63.9,132.4	3185.98,3127,3197	4400
20	233.86,222.4,268.2	73.38,69.7,84.3	3187.45,3176,3191	1000
21	246.13,234.1,249	77.33,73.4,78.3	3183.33,3181,3190	300
22	52.51,41.6,154	16.16,12.8,47.9	3252.51,3217,3255	10000
