80,0
4	226.27,190,245.1	72.28,60.2,78.5	3131.47,3121,3157	3850
5	228.04,217.6,250.7	72.85,69.4,80.3	3130.75,3116,3137	1000
6	233.97,221.6,237.5	74.85,70.7,76	3126.50,3123,3135	300
7	49.65,38.5,208.3	15.35,11.9,66.3	3238.56,3143,3240	10000
8	226.01,145,243.7	72.21,45.6,78.1	3131.27,3120,3180	3850
9	230.23,219.3,254.6	73.60,70,81.8	3129.00,3113,3137	1000
10	235.38,223.6,240.8	75.35,71.4,77.2	3124.67,3120,3133	300
11	49.44,42.1,160.9	15.28,13,50.8	3238.72,3168,3241	10000
12	225.50,144.4,241.4	72.04,45.4,77.3	3131.64,3121,3181	3850
13	230.80,217.2,252.7	73.81,69.3,80.9	3127.90,3114,3137	1000
14	236.83,234.3,238.9	75.82,75,76.5	3124.50,3123,3128	300
15	49.15,38.8,118.1	15.19,12,37	3238.76,3192,3241	10000
16	227.39,193.2,243.6	72.66,61.3,78.1	3130.45,3119,3152	3800
17	229.15,219.9,249	73.22,70.2,79.8	3130.50,3121,3136	1000
18	236.80,230.2,238.9	75.80,73.5,76.5	3125.00,3123,3133	300
19	49.58,45.3,200.1	15.33,14,63.6	3238.61,3147,3240	10000
20	226.08,121.2,243.8	72.24,37.9,78.1	3131.10,3119,3198	3850
21	229.10,219,252.5	73.20,69.8,80.8	3130.43,3119,3138	1050
22	238.78,237.5,240.7	76.46,76,77.1	3123.40,3122,3125	250
23	49.91,48.5,251.6	15.43,15,80.7	3238.45,3118,3241	10000
80,5
2	225.11,79.6,242.9	71.93,24.7,77.9	3131.37,3116,3225	3950
3	233.81,219.5,260.3	74.78,70,83.6	3127.75,3114,3137	1000
4	236.23,231,238.9	75.63,73.9,76.5	3124.17,3123,3126	300
5	49.88,40.5,253.6	15.42,12.5,81.4	3238.42,3116,3241	10000
6	225.27,55.7,247.9	71.99,17.2,79.8	3131.32,3107,3239	3900
7	233.89,219.5,312.4	74.84,70.1,101	3126.65,3094,3139	1000
8	234.87,228.5,237.3	75.17,73,76	3125.33,3123,3131	300
9	49.92,48.5,237.1	15.43,15,75.9	3238.41,3124,3240	10050
10	227.74,215.5,248.3	72.78,68.7,79.6	3129.94,3119,3139	3900
11	233.40,219.7,264.1	74.73,70.1,85.6	3124.25,3086,3135	1000
12	241.35,237.8,249.3	77.30,76.2,79.8	3123.00,3122,3125	300
13	49.65,45.3,194.9	15.34,14,61.9	3238.60,3149,3240	10000
14	226.24,129,269	72.29,40.4,86.9	3131.06,3096,3195	3850
15	233.19,218.4,272	74.60,69.7,87.3	3126.76,3114,3135	1050
16	238.78,236.1,240.3	76.50,75.6,77	3122.40,3121,3124	250
17	49.89,38.5,272.5	15.43,11.9,87.8	3238.38,3104,3240	10000
18	226.04,94.7,274.7	72.22,29.5,87.9	3131.28,3119,3213	3900
19	234.92,216.4,263.2	75.10,69,84.6	3128.70,3112,3137	1000
20	234.98,222.5,238.9	75.20,71,76.5	3125.50,3123,3134	300
21	49.66,45.6,194.3	15.35,14.1,61.7	3238.59,3150,3240	10000
80,10
4	227.42,157.4,260.6	72.72,49.5,83.6	3128.43,3110,3180	3850
5	233.15,219.1,259.9	74.63,69.9,83.6	3125.15,3106,3135	1000
6	237.32,227.7,241.8	76.02,72.8,77.5	3122.67,3120,3129	300
7	48.98,48.2,127.8	15.15,14.9,40.2	3238.64,3180,3240	10000
8	227.08,176,242.1	72.61,55.6,78	3128.46,3105,3166	3800
9	231.53,217.8,267.4	74.05,69.5,86	3127.71,3110,3135	1050
10	236.52,231.9,239.5	75.76,74.2,76.7	3122.80,3121,3126	250
11	49.61,41.7,257.8	15.35,12.9,82.8	3238.27,3114,3239	10000
12	225.04,67.2,243.2	71.95,20.8,78	3129.83,3115,3231	3850
13	229.44,218.9,254.7	73.39,69.9,81.7	3127.19,3115,3136	1050
14	236.58,235.7,239.4	75.78,75.5,76.7	3123.00,3122,3124	250
15	49.45,46.5,227.9	15.30,14.4,72.7	3238.37,3136,3240	10000
16	226.53,144.7,246.7	72.44,45.5,79.4	3128.64,3108,3181	3800
17	236.11,220.4,261.3	75.58,70.4,84.4	3125.05,3096,3134	1050
18	237.87,236.6,238.8	76.20,75.8,76.5	3122.17,3121,3123	300
19	48.88,45.3,112.5	15.11,14,35.3	3238.74,3188,3241	10000
20	227.45,214.9,245.6	72.74,68.5,79.1	3127.78,3106,3138	3850
21	232.17,218.9,257.8	74.29,69.9,82.5	3125.95,3110,3135	1000
22	234.88,227.1,237.2	75.22,72.6,76	3123.50,3122,3129	300
23	48.89,48.2,113.5	15.12,14.9,35.4	3238.78,3208,3241	10000
80,15
3	226.67,193.2,252.2	72.72,61.5,81.6	3118.07,3091,3142	3800
4	240.02,219.2,292.1	77.23,70.2,93.8	3108.52,3086,3123	1050
5	239.68,236.2,244	77.06,75.9,78.4	3111.00,3109,3113	250
6	49.74,48.5,237.4	15.40,15,76.3	3235.54,3112,3239	10000
7	224.35,49.1,253.8	71.96,15.2,81.9	3120.18,3100,3236	3900
8	234.47,216.6,264.9	75.40,69.4,85.1	3110.85,3089,3122	1000
9	233.95,223.8,238.3	75.17,71.8,76.6	3113.00,3111,3118	300
10	49.96,46.5,283.6	15.48,14.4,91.9	3235.34,3087,3239	10000
11	225.88,97.7,271.3	72.47,30.5,88.6	3118.74,3063,3204	3850
12	243.51,218.7,303.1	78.41,70,98.1	3107.05,3082,3125	1050
13	237.48,234.7,240	76.33,75.4,77.2	3111.83,3109,3114	300
14	49.29,45.5,136.2	15.26,14.1,43	3235.74,3169,3238	10000
15	227.96,214.9,305.1	73.14,68.7,98.4	3118.00,3096,3129	3850
16	244.04,218.7,289.1	78.57,70,93.7	3107.60,3062,3125	1000
17	237.33,236.6,237.6	76.30,76.1,76.4	3111.33,3110,3113	300
18	49.56,45.6,205.6	15.34,14.1,65.7	3235.61,3130,3239	10000
19	224.78,97.4,247.7	72.09,30.4,80	3119.52,3096,3205	3850
20	241.67,221.2,324.8	77.72,70.9,105.6	3110.60,3076,3125	1000
21	237.25,235.7,243.3	76.28,75.7,78.5	3110.67,3100,3114	300
22	49.98,48.5,288.8	15.48,15,93.6	3235.45,3086,3239	10000
80,20
13	225.08,96.7,243.5	72.37,30.2,78.5	3112.15,3090,3202	3900
14	247.64,218,299.7	80.02,69.9,96.7	3096.20,3054,3120	1000
15	234.57,227,237.8	75.45,72.9,76.5	3109.50,3108,3114	300
16	49.07,38.8,156.4	15.18,12,49.5	3235.22,3161,3238	10000
17	227.92,144,277.2	73.21,45.4,89.3	3114.62,3083,3172	3850
18	245.49,220.6,289.7	79.20,70.8,93.3	3100.29,3070,3119	1050
19	235.72,235,237.5	75.85,75.6,76.5	3108.33,3105,3110	300
20	49.86,48.2,300.6	15.45,14.9,98.5	3234.78,3052,3238	10000
21	225.48,85.1,289.9	72.39,26.5,93.2	3116.76,3102,3215	3900
22	248.73,220.1,291.4	80.32,70.7,94.5	3098.05,3057,3118	1050
23	236.77,231.6,239.7	76.18,74.5,77.2	3108.67,3106,3110	300
24	49.10,44,164.6	15.19,13.6,52.2	3235.37,3154,3238	10000
25	225.82,144.5,272	72.53,45.6,88	3115.15,3076,3171	3900
26	248.75,218.3,291	80.32,70,93.8	3098.25,3066,3119	1000
27	233.72,227.7,235.8	75.17,73.1,75.9	3110.17,3108,3116	300
28	49.65,45.6,267.5	15.37,14.1,86.1	3235.04,3107,3239	10000
29	227.71,56.2,309.5	73.19,17.4,101.7	3113.92,3044,3235	3900
30	251.50,217.3,315.2	81.33,69.6,102.9	3094.71,3052,3123	1050
31	236.65,232.6,240.5	76.18,74.8,77.5	3107.17,3104,3110	300
32	49.34,48.2,210	15.27,14.9,67.3	3234.90,3121,3237	10000
152,2
